84
45
76
11
88
82
35
6
53
4
28
69
73
29
53
28
58
3
15
13
43
6
27
93
93
43
8
81
94
49
40
97
57
82
25
28
41
12
90
62
75
21
50
41
71
0
66
42
71
21
2
89
32
69
38
1
28
8
63
56
33
44
98
25
75
95
86
40
35
77
5
66
87
67
32
34
55
0
16
22
43
90
58
46
97
21
48
72
10
29
74
23
40
49
18
30
14
57
71
18
15
12
18
12
61
19
56
18
54
7
9
52
83
5
33
35
25
61
32
54
37
48
24
1
11
68
23
83
30
19
57
51
0
86
39
59
33
48
89
34
83
98
87
89
29
87
74
53
12
62
59
3
59
28
25
8
3
80
96
4
63
1
34
51
59
84
1
3
96
19
28
5
31
81
7
7
6
51
70
35
12
9
1
51
94
55
54
25
12
59
28
85
5
72
56
29
15
76
44
45
60
15
56
25
10
8
52
52
74
77
55
82
18
80
30
7
5
17
30
59
89
4
72
70
77
31
7
6
49
11
64
27
42
12
93
67
15
35
52
23
73
46
15
82
76
60
86
69
67
94
77
83
79
26
20
4
57
86
85
74
25
25
32
91
46
43
79
6
74
30
97
56
20
74
38
67
50
97
44
87
18
99
27
89
97
98
28
66
30
34
0
20
54
58
29
92
80
43
30
16
88
29
8
67
81
27
74
96
79
27
93
88
5
28
37
65
28
48
71
99
33
27
95
77
60
38
15
30
72
68
71
66
57
28
65
65
18
27
65
94
52
89
57
76
0
67
70
78
7
81
50
57
56
47
71
49
12
28
82
5
55
43
14
35
16
70
52
88
5
82
38
16
8
45
96
75
2
75
78
53
31
75
9
47
25
85
31
63
98
86
22
25
15
4
53
96
37
93
52
70
59
59
45
43
4
94
93
89
97
37
58
77
51
87
76
98
54
94
7
36
93
35
66
87
9
86
38
21
57
47
46
6
53
98
79
27
20
99
53
83
28
19
45
19
0
44
51
20
44
68
23
88
53
2
95
9
46
85
0
9
60
81
46
68
77
0
47
68
63
62
72
56
43
57
91
75
78
20
29
91
16
99
96
94
8
68
13
13
16
97
35
50
41
55
0
68
57
48
57
73
25
81
82
39
26
94
84
64
4
2
11
86
53
33
48
59
15
82
44
70
65
47
60
25
73
6
79
6
51
34
54
6
43
93
95
2
1
6
89
71
6
9
93
24
66
97
82
10
85
42
39
8
99
31
45
77
55
60
81
83
1
3
44
41
44
82
2
73
60
69
81
20
81
47
15
71
49
80
15
65
11
73
23
7
27
48
20
20
20
82
8
85
30
30
6
8
2
20
36
94
79
72
68
62
49
26
72
11
8
68
1
41
56
47
84
72
62
58
45
74
7
83
88
42
85
48
9
76
26
23
37
90
86
11
35
78
17
83
85
90
33
69
35
9
13
40
98
61
35
22
7
89
5
53
91
61
20
52
83
44
34
51
9
46
97
37
33
52
1
19
86
90
91
33
17
47
9
67
25
88
9
15
42
79
73
59
47
66
30
31
54
77
22
24
75
65
80
38
54
63
42
28
23
69
69
39
84
60
94
74
8
32
98
25
74
64
8
16
78
33
26
56
5
75
33
97
80
51
87
19
78
0
44
7
64
53
81
52
90
20
56
52
56
77
44
73
79
30
94
34
6
19
66
31
29
33
32
4
9
88
82
11
74
35
38
92
72
5
22
2
1
30
92
0
93
35
61
22
74
7
18
15
79
82
17
45
48
36
18
79
7
60
73
90
9
67
97
38
52
17
0
97
33
79
98
64
19
78
52
57
62
3
0
48
47
20
67
49
9
48
52
92
13
91
49
69
75
93
0
19
32
18
99
88
77
90
49
90
98
95
25
45
32
47
37
46
76
68
40
28
72
20
57
81
85
26
0
43
65
33
0
14
96
18
75
79
89
80
21
27
9
88
87
35
82
27
73
71
23
86
56
48
14
53
2
35
53
20
23
81
13
42
68
82
35
35
99
51
29
61
47
59
21
75
96
13
78
99
79
72
8
98
67
52
10
95
86
38
54
73
43
82
57
65
1
65
15
15
53
47
85
41
99
42
34
7
79
22
63
82
4
92
35
21
17
70
12
61
90
90
99
73
62
15
29
34
79
57
94
68
48
3
54
75
24
56
83
56
4
15
58
85
95
53
15
1
26
38
20
60
93
7
23
52
49
11
87
68
44
47
8
62
28
84
83
19
51
21
34
6
